GenderCode,(Multiple Items),,,
,,,,
Count of FirstName,Column Labels,,,
Row Labels,HIGH,LOW,VERY HIGH,Grand Total
BPC,16,119,15,150
CCDR,18,112,15,145
EW,21,119,14,154
MSC,17,131,9,157
NEL,21,118,15,154
PL,29,102,12,143
PYZ,26,116,15,157
SVG,26,125,16,167
TNS,21,116,13,150
WBL,25,118,13,156
Grand Total,220,1176,137,1533
